1.000000000000000000e+00,9.020068049430847168e-01,9.856754541397094727e-01,9.928272366523742676e-01,7.009460330009460449e-01,8.108124136924743652e-01,7.560382485389709473e-01,6.919180154800415039e-01,5.409567356109619141e-01,4.104779064655303955e-01,9.105545282363891602e-01,5.922845602035522461e-01,4.940731227397918701e-01,2.247510105371475220e-01,7.686100602149963379e-01,4.350684285163879395e-01,5.547279715538024902e-01,4.156823456287384033e-01,3.406117856502532959e-01,3.232510983943939209e-01,3.742035925388336182e-01,6.590890288352966309e-01,2.155629247426986694e-01,2.635414898395538330e-01,5.095475912094116211e-01,9.940550923347473145e-01,9.961501955986022949e-01,9.555931687355041504e-01,9.961402416229248047e-01,9.942224621772766113e-01,9.775528311729431152e-01,3.153696954250335693e-01,9.912464618682861328e-01,2.735529541969299316e-01,7.739262580871582031e-01,6.758854985237121582e-01,6.481476426124572754e-01,7.421977519989013672e-01,7.109419703483581543e-01,7.247539162635803223e-01,3.348404467105865479e-01,7.311742305755615234e-01,7.901858091354370117e-01,9.865802526473999023e-01,7.238024473190307617e-01,5.553721785545349121e-01,5.375123620033264160e-01,2.068847119808197021e-01,1.628434062004089355e-01,3.603545129299163818e-01,7.141188979148864746e-01,1.253072172403335571e-01,4.608543515205383301e-01,2.875445485115051270e-01,3.646117448806762695e-01,6.631085872650146484e-01,7.415970563888549805e-01,1.865724027156829834e-01,9.483855962753295898e-01,4.611551761627197266e-01,9.583845138549804688e-01,6.732249259948730469e-01,7.278357148170471191e-01,8.588401079177856445e-01,9.587517976760864258e-01,8.812944293022155762e-01,8.364846110343933105e-01,8.906744718551635742e-01,8.555562496185302734e-01,8.777690529823303223e-01,6.324049830436706543e-01,6.733528971672058105e-01,8.995324373245239258e-01,8.039129376411437988e-01,8.326098918914794922e-01,5.768583416938781738e-01,9.402064681053161621e-01,8.785434961318969727e-01,8.614126443862915039e-01,7.236501574516296387e-01
9.020068049430847168e-01,9.999998211860656738e-01,8.513056635856628418e-01,9.111478328704833984e-01,9.264056682586669922e-01,9.751207828521728516e-01,9.484213590621948242e-01,6.036208868026733398e-01,3.459838926792144775e-01,4.541403055191040039e-01,9.870870113372802734e-01,6.196792125701904297e-01,6.983001828193664551e-01,4.361650943756103516e-01,9.603850245475769043e-01,4.159595966339111328e-01,5.969148874282836914e-01,7.205470204353332520e-01,6.643760204315185547e-01,5.845260620117187500e-01,6.878647208213806152e-01,9.074583649635314941e-01,5.345271825790405273e-01,5.552851557731628418e-01,7.200590968132019043e-01,9.207506179809570312e-01,9.113793969154357910e-01,9.797927141189575195e-01,8.906642794609069824e-01,9.256967902183532715e-01,9.526360630989074707e-01,5.578668713569641113e-01,9.181743860244750977e-01,5.769589543342590332e-01,9.644390940666198730e-01,9.152083396911621094e-01,9.029161334037780762e-01,9.442703723907470703e-01,9.298825263977050781e-01,9.419403076171875000e-01,6.712049245834350586e-01,9.382408857345581055e-01,6.964199542999267578e-01,9.221637845039367676e-01,5.601466894149780273e-01,5.020786523818969727e-01,6.131440997123718262e-01,4.156112074851989746e-01,4.820697605609893799e-01,5.733360648155212402e-01,9.333296418190002441e-01,3.049431741237640381e-01,5.784616470336914062e-01,3.188931941986083984e-01,3.973067700862884521e-01,6.433968544006347656e-01,9.306936860084533691e-01,4.678213596343994141e-01,9.487200975418090820e-01,4.616081118583679199e-01,8.934124708175659180e-01,6.250996589660644531e-01,6.079837679862976074e-01,7.079305648803710938e-01,8.931007385253906250e-01,7.224608063697814941e-01,7.293332219123840332e-01,7.445145249366760254e-01,7.375190854072570801e-01,9.116526246070861816e-01,5.127702951431274414e-01,9.047409296035766602e-01,7.653024792671203613e-01,6.801715493202209473e-01,6.683969497680664062e-01,6.368871927261352539e-01,7.876398563385009766e-01,7.622833847999572754e-01,6.940823197364807129e-01,9.377606511116027832e-01
9.856754541397094727e-01,8.513056635856628418e-01,1.000000000000000000e+00,9.840847253799438477e-01,6.124401092529296875e-01,7.472310066223144531e-01,6.694232821464538574e-01,7.543318867683410645e-01,6.384850144386291504e-01,4.666414260864257812e-01,8.674469590187072754e-01,6.342655420303344727e-01,4.699603617191314697e-01,2.353893369436264038e-01,6.873014569282531738e-01,5.016008615493774414e-01,5.964387655258178711e-01,3.558422923088073730e-01,2.813608348369598389e-01,3.029669523239135742e-01,3.205936551094055176e-01,5.732374191284179688e-01,1.827297359704971313e-01,2.366411834955215454e-01,4.864513874053955078e-01,9.699987173080444336e-01,9.816692471504211426e-01,9.120729565620422363e-01,9.857020974159240723e-01,9.736902117729187012e-01,9.403785467147827148e-01,3.032613992691040039e-01,9.769185185432434082e-01,2.379544526338577271e-01,6.990257501602172852e-01,5.932194590568542480e-01,5.595340728759765625e-01,6.568159461021423340e-01,6.197392940521240234e-01,6.476903557777404785e-01,2.708587944507598877e-01,6.427404284477233887e-01,8.389772772789001465e-01,9.760196208953857422e-01,7.934703230857849121e-01,6.194694638252258301e-01,5.764956474304199219e-01,2.255695611238479614e-01,1.247776001691818237e-01,3.626239001750946045e-01,6.275119781494140625e-01,1.537552028894424438e-01,4.857489466667175293e-01,3.593719601631164551e-01,4.293555617332458496e-01,7.101855874061584473e-01,6.792317628860473633e-01,1.614031940698623657e-01,9.333317875862121582e-01,5.234503746032714844e-01,9.570425748825073242e-01,7.285146117210388184e-01,7.919843792915344238e-01,9.040775895118713379e-01,9.568074345588684082e-01,9.205626249313354492e-01,8.787788152694702148e-01,9.240046143531799316e-01,8.936679363250732422e-01,8.675569295883178711e-01,7.098876833915710449e-01,5.788551568984985352e-01,9.339647293090820312e-01,8.519373536109924316e-01,8.835074305534362793e-01,6.082999706268310547e-01,9.675379395484924316e-01,9.112239480018615723e-01,9.103846549987792969e-01,6.435806751251220703e-01
9.928272366523742676e-01,9.111478328704833984e-01,9.840847253799438477e-01,1.000000119209289551e+00,7.150870561599731445e-01,8.215354084968566895e-01,7.667601704597473145e-01,7.145433425903320312e-01,5.587138533592224121e-01,4.487493634223937988e-01,9.188946485519409180e-01,6.329058408737182617e-01,5.348187088966369629e-01,2.713070809841156006e-01,7.791194319725036621e-01,4.721549749374389648e-01,5.917825102806091309e-01,4.515359103679656982e-01,3.748220801353454590e-01,3.711604475975036621e-01,4.113531708717346191e-01,6.747806072235107422e-01,2.594674825668334961e-01,3.102804124355316162e-01,5.540282130241394043e-01,9.881190061569213867e-01,9.911276102066040039e-01,9.540968537330627441e-01,9.891165494918823242e-01,9.899554252624511719e-01,9.723947048187255859e-01,3.644417822360992432e-01,9.886318445205688477e-01,3.190546035766601562e-01,7.870901226997375488e-01,6.911640763282775879e-01,6.624462604522705078e-01,7.515170574188232422e-01,7.185786962509155273e-01,7.418152689933776855e-01,3.703868389129638672e-01,7.410145998001098633e-01,8.096627593040466309e-01,9.883514046669006348e-01,7.377880215644836426e-01,5.791217684745788574e-01,5.806093811988830566e-01,2.581379413604736328e-01,2.070766091346740723e-01,4.083513319492340088e-01,7.254790663719177246e-01,1.705973595380783081e-01,5.033553242683410645e-01,3.319655656814575195e-01,4.062769412994384766e-01,6.915843486785888672e-01,7.601592540740966797e-01,2.289866507053375244e-01,9.563404321670532227e-01,4.995951652526855469e-01,9.609331488609313965e-01,7.036827206611633301e-01,7.456617355346679688e-01,8.663926124572753906e-01,9.610421657562255859e-01,8.836334943771362305e-01,8.494177460670471191e-01,8.933691978454589844e-01,8.658638000488281250e-01,9.026778936386108398e-01,6.584971547126770020e-01,6.827291250228881836e-01,9.053025245666503906e-01,8.158186674118041992e-01,8.389831185340881348e-01,6.141776442527770996e-01,9.451586008071899414e-01,8.866307139396667480e-01,8.693554997444152832e-01,7.368161678314208984e-01
7.009460330009460449e-01,9.264056682586669922e-01,6.124401092529296875e-01,7.150870561599731445e-01,9.999999403953552246e-01,9.652965068817138672e-01,9.893199205398559570e-01,3.614082634449005127e-01,4.704770073294639587e-02,3.155457973480224609e-01,9.011547565460205078e-01,4.689231514930725098e-01,7.277590036392211914e-01,4.577650129795074463e-01,9.883476495742797852e-01,2.456538528203964233e-01,4.475025236606597900e-01,8.297541737556457520e-01,7.906387448310852051e-01,6.478736996650695801e-01,7.983446121215820312e-01,9.785431027412414551e-01,6.537006497383117676e-01,6.503118872642517090e-01,7.389439344406127930e-01,7.434677481651306152e-01,7.177612185478210449e-01,8.661742806434631348e-01,6.844099760055541992e-01,7.439788579940795898e-01,8.103595376014709473e-01,6.088933944702148438e-01,7.231416106224060059e-01,6.836599707603454590e-01,9.817482233047485352e-01,9.806804656982421875e-01,9.824481606483459473e-01,9.890189766883850098e-01,9.918474555015563965e-01,9.806702733039855957e-01,8.111233711242675781e-01,9.897434711456298828e-01,4.474382400512695312e-01,7.285788059234619141e-01,2.685296237468719482e-01,2.917661666870117188e-01,4.831317067146301270e-01,4.369221329689025879e-01,6.216194629669189453e-01,5.786605477333068848e-01,9.922185540199279785e-01,3.010188341140747070e-01,4.921331107616424561e-01,1.896057724952697754e-01,2.618086338043212891e-01,4.528346061706542969e-01,9.527840018272399902e-01,5.662057995796203613e-01,7.862259149551391602e-01,2.962564527988433838e-01,6.911758780479431152e-01,4.111718535423278809e-01,3.467040359973907471e-01,4.308794140815734863e-01,6.872283816337585449e-01,4.451424777507781982e-01,4.838478267192840576e-01,4.844372272491455078e-01,4.851301610469818115e-01,7.780035734176635742e-01,2.588799595832824707e-01,9.878628253936767578e-01,5.073095560073852539e-01,4.184702038764953613e-01,3.880237638950347900e-01,5.177615284919738770e-01,5.296006202697753906e-01,5.227094292640686035e-01,4.183075726032257080e-01,9.844867587089538574e-01
8.108124136924743652e-01,9.751207828521728516e-01,7.472310066223144531e-01,8.215354084968566895e-01,9.652965068817138672e-01,1.000000238418579102e+00,9.682223796844482422e-01,5.648175477981567383e-01,2.757920920848846436e-01,4.856471121311187744e-01,9.666801691055297852e-01,6.309435367584228516e-01,7.761849164962768555e-01,5.392608642578125000e-01,9.837061166763305664e-01,4.281048178672790527e-01,6.167039871215820312e-01,8.257827758789062500e-01,7.811881303787231445e-01,6.929904222488403320e-01,7.985602617263793945e-01,9.546859860420227051e-01,6.643058657646179199e-01,6.749651432037353516e-01,7.993465065956115723e-01,8.337067961692810059e-01,8.233195543289184570e-01,9.313275814056396484e-01,7.960934042930603027e-01,8.400478363037109375e-01,8.793720006942749023e-01,6.641359329223632812e-01,8.376486301422119141e-01,6.968467831611633301e-01,9.841597080230712891e-01,9.695160388946533203e-01,9.596462845802307129e-01,9.771553277969360352e-01,9.665241241455078125e-01,9.783357977867126465e-01,7.907664179801940918e-01,9.687727093696594238e-01,6.421416401863098145e-01,8.491171002388000488e-01,4.831121563911437988e-01,4.887613356113433838e-01,6.310150027275085449e-01,5.164366960525512695e-01,6.238925457000732422e-01,6.602708697319030762e-01,9.687815308570861816e-01,3.991855978965759277e-01,6.263031363487243652e-01,3.552103042602539062e-01,4.278901815414428711e-01,6.335679888725280762e-01,9.739922285079956055e-01,5.956349968910217285e-01,9.024045467376708984e-01,4.759304523468017578e-01,8.272771239280700684e-01,5.994055867195129395e-01,5.523538589477539062e-01,6.251106262207031250e-01,8.277385234832763672e-01,6.325038075447082520e-01,6.703295111656188965e-01,6.653378009796142578e-01,6.735630035400390625e-01,8.899015784263610840e-01,4.664012193679809570e-01,9.422140121459960938e-01,6.879944205284118652e-01,6.170127391815185547e-01,5.882959961891174316e-01,6.658983826637268066e-01,6.939111948013305664e-01,6.935607790946960449e-01,6.086100935935974121e-01,9.815924167633056641e-01
7.560382485389709473e-01,9.484213590621948242e-01,6.694232821464538574e-01,7.667601704597473145e-01,9.893199205398559570e-01,9.682223796844482422e-01,9.999997615814208984e-01,3.831110298633575439e-01,7.917923480272293091e-02,3.010328412055969238e-01,9.222898483276367188e-01,4.724814295768737793e-01,7.081185579299926758e-01,4.169188737869262695e-01,9.927955865859985352e-01,2.430224120616912842e-01,4.459239542484283447e-01,7.923988103866577148e-01,7.491407990455627441e-01,6.033617258071899414e-01,7.633553743362426758e-01,9.776613116264343262e-01,6.031511425971984863e-01,5.987132191658020020e-01,7.144200205802917480e-01,7.968310117721557617e-01,7.706710696220397949e-01,9.019980430603027344e-01,7.452421784400939941e-01,7.977162599563598633e-01,8.590883612632751465e-01,5.711582303047180176e-01,7.730692028999328613e-01,6.330596804618835449e-01,9.839605093002319336e-01,9.701039195060729980e-01,9.714701175689697266e-01,9.874010682106018066e-01,9.909219741821289062e-01,9.805890321731567383e-01,7.648001909255981445e-01,9.929428100585937500e-01,4.799595773220062256e-01,7.774801254272460938e-01,3.073316216468811035e-01,2.962738275527954102e-01,4.664065241813659668e-01,3.912731409072875977e-01,5.656328201293945312e-01,5.382539033889770508e-01,9.873565435409545898e-01,2.485210746526718140e-01,4.756747186183929443e-01,1.638757735490798950e-01,2.382435947656631470e-01,4.643433988094329834e-01,9.452038407325744629e-01,5.140523314476013184e-01,8.197597265243530273e-01,2.871588170528411865e-01,7.395167946815490723e-01,4.278053939342498779e-01,3.738465607166290283e-01,4.786402583122253418e-01,7.373183369636535645e-01,4.990780949592590332e-01,5.167319774627685547e-01,5.337535738945007324e-01,5.290732383728027344e-01,7.996894121170043945e-01,2.857877314090728760e-01,9.832283854484558105e-01,5.564652681350708008e-01,4.566759467124938965e-01,4.355951845645904541e-01,5.142076611518859863e-01,5.881357192993164062e-01,5.621842741966247559e-01,4.675075709819793701e-01,9.774932265281677246e-01
6.919180154800415039e-01,6.036208868026733398e-01,7.543318867683410645e-01,7.145433425903320312e-01,3.614082634449005127e-01,5.648175477981567383e-01,3.831110298633575439e-01,1.000000119209289551e+00,9.387666583061218262e-01,9.044008851051330566e-01,6.648806929588317871e-01,9.263253808021545410e-01,6.396005749702453613e-01,6.668158173561096191e-01,4.386824667453765869e-01,9.136217236518859863e-01,9.343393445014953613e-01,4.768798947334289551e-01,4.435327947139739990e-01,6.120560169219970703e-01,4.656518697738647461e-01,3.806486427783966064e-01,4.684000611305236816e-01,5.387101173400878906e-01,6.739400625228881836e-01,6.403800845146179199e-01,6.884435415267944336e-01,6.091665029525756836e-01,6.790818572044372559e-01,6.560244560241699219e-01,5.851521492004394531e-01,6.238972544670104980e-01,7.320430874824523926e-01,5.080754160881042480e-01,4.835377633571624756e-01,4.412866532802581787e-01,3.789778053760528564e-01,4.272153675556182861e-01,3.740434348583221436e-01,4.729466140270233154e-01,4.018887877464294434e-01,3.945816755294799805e-01,9.706430435180664062e-01,7.541930079460144043e-01,9.709748029708862305e-01,9.678038954734802246e-01,9.066644906997680664e-01,6.717529296875000000e-01,4.233725666999816895e-01,7.206304073333740234e-01,3.898410499095916748e-01,6.780177354812622070e-01,8.605229258537292480e-01,8.564534783363342285e-01,8.921023011207580566e-01,9.671892523765563965e-01,5.595530271530151367e-01,5.201149582862854004e-01,7.830836772918701172e-01,9.360760450363159180e-01,8.109970092773437500e-01,9.828827381134033203e-01,9.888101220130920410e-01,9.344107508659362793e-01,8.144727945327758789e-01,9.098497629165649414e-01,9.534410238265991211e-01,9.095824956893920898e-01,9.447512626647949219e-01,8.184112310409545898e-01,9.718810319900512695e-01,2.860672473907470703e-01,9.111407995223999023e-01,9.653127193450927734e-01,9.382444620132446289e-01,9.035384058952331543e-01,8.506297469139099121e-01,9.226523637771606445e-01,9.206457734107971191e-01,4.700885415077209473e-01
5.409567356109619141e-01,3.459838926792144775e-01,6.384850144386291504e-01,5.587138533592224121e-01,4.704770073294639587e-02,2.757920920848846436e-01,7.917923480272293091e-02,9.387666583061218262e-01,1.000000238418579102e+00,8.331154584884643555e-01,4.236985146999359131e-01,8.274505138397216797e-01,4.260993301868438721e-01,5.139352083206176758e-01,1.370265036821365356e-01,8.788049817085266113e-01,8.262652158737182617e-01,1.972633302211761475e-01,1.693513095378875732e-01,3.955780863761901855e-01,1.920646429061889648e-01,7.159505039453506470e-02,2.341396212577819824e-01,3.153093755245208740e-01,4.569323062896728516e-01,4.697977602481842041e-01,5.262293815612792969e-01,3.836357295513153076e-01,5.359309911727905273e-01,4.850971102714538574e-01,3.859376609325408936e-01,4.307218194007873535e-01,5.722799301147460938e-01,2.734662890434265137e-01,1.864644140005111694e-01,1.300643980503082275e-01,6.237686052918434143e-02,1.241622641682624817e-01,6.302042305469512939e-02,1.702545136213302612e-01,1.180845126509666443e-01,8.665090054273605347e-02,9.002094864845275879e-01,5.868008732795715332e-01,9.572957754135131836e-01,9.277154803276062012e-01,7.830334305763244629e-01,5.290113687515258789e-01,2.012436985969543457e-01,5.362178087234497070e-01,7.965276390314102173e-02,5.771064758300781250e-01,7.270056605339050293e-01,8.224880099296569824e-01,8.376386165618896484e-01,8.769723176956176758e-01,2.708635628223419189e-01,3.212795257568359375e-01,5.853397250175476074e-01,8.787497282028198242e-01,6.641988158226013184e-01,9.082616567611694336e-01,9.455786347389221191e-01,8.776782155036926270e-01,6.651677489280700684e-01,8.509374260902404785e-01,8.740744590759277344e-01,8.365721106529235840e-01,8.641549944877624512e-01,6.236450076103210449e-01,9.614948034286499023e-01,-3.101097792387008667e-02,8.286313414573669434e-01,9.049142003059387207e-01,8.969265818595886230e-01,7.799785137176513672e-01,7.666946053504943848e-01,8.280093669891357422e-01,8.732584714889526367e-01,1.658203154802322388e-01
4.104779064655303955e-01,4.541403055191040039e-01,4.666414260864257812e-01,4.487493634223937988e-01,3.155457973480224609e-01,4.856471121311187744e-01,3.010328412055969238e-01,9.044008851051330566e-01,8.331154584884643555e-01,9.999999403953552246e-01,5.237174630165100098e-01,9.534910321235656738e-01,7.631300091743469238e-01,8.841422200202941895e-01,3.664133846759796143e-01,9.671857953071594238e-01,9.721398949623107910e-01,6.348187327384948730e-01,6.309525370597839355e-01,8.100376725196838379e-01,6.401547193527221680e-01,3.730516433715820312e-01,7.079818248748779297e-01,7.657619118690490723e-01,7.973492145538330078e-01,3.621237874031066895e-01,4.075920581817626953e-01,3.936485350131988525e-01,3.906451761722564697e-01,3.804196119308471680e-01,3.280429840087890625e-01,8.251550197601318359e-01,4.752130806446075439e-01,7.295343875885009766e-01,4.205484390258789062e-01,4.378031194210052490e-01,3.792720735073089600e-01,3.732971549034118652e-01,3.246343433856964111e-01,4.421984851360321045e-01,5.905938148498535156e-01,3.362488150596618652e-01,8.441587686538696289e-01,5.097616910934448242e-01,8.139775991439819336e-01,9.542248249053955078e-01,9.519847035408020020e-01,8.882928490638732910e-01,6.826090216636657715e-01,8.873675465583801270e-01,3.456886708736419678e-01,9.053022861480712891e-01,9.646515250205993652e-01,9.728199243545532227e-01,9.837815761566162109e-01,9.399174451828002930e-01,5.344812870025634766e-01,7.702126502990722656e-01,5.974583029747009277e-01,9.827362895011901855e-01,6.072542071342468262e-01,9.335570931434631348e-01,8.668196797370910645e-01,7.404293417930603027e-01,6.031347513198852539e-01,6.975883245468139648e-01,8.031036257743835449e-01,7.026755809783935547e-01,7.742679715156555176e-01,7.031950354576110840e-01,8.968613147735595703e-01,2.314308732748031616e-01,7.072037458419799805e-01,8.156648874282836914e-01,7.505877017974853516e-01,9.547841548919677734e-01,6.062947511672973633e-01,7.352293729782104492e-01,7.160614132881164551e-01,4.408936500549316406e-01
9.105545282363891602e-01,9.870870113372802734e-01,8.674469590187072754e-01,9.188946485519409180e-01,9.011547565460205078e-01,9.666801691055297852e-01,9.222898483276367188e-01,6.648806929588317871e-01,4.236985146999359131e-01,5.237174630165100098e-01,1.000000119209289551e+00,6.883539557456970215e-01,7.453255653381347656e-01,4.888086318969726562e-01,9.378820657730102539e-01,5.046861171722412109e-01,6.565922498703002930e-01,7.334220409393310547e-01,6.751156449317932129e-01,6.235542297363281250e-01,7.030531167984008789e-01,8.850506544113159180e-01,5.580231547355651855e-01,5.903976559638977051e-01,7.633820176124572754e-01,9.191842079162597656e-01,9.177536368370056152e-01,9.705616235733032227e-01,8.988958001136779785e-01,9.250256419181823730e-01,9.448315501213073730e-01,6.071022748947143555e-01,9.281821846961975098e-01,6.073166728019714355e-01,9.490942955017089844e-01,9.006848335266113281e-01,8.821591138839721680e-01,9.286481738090515137e-01,9.074501991271972656e-01,9.251559972763061523e-01,6.769095063209533691e-01,9.148959517478942871e-01,7.569128274917602539e-01,9.360986948013305664e-01,6.195527315139770508e-01,5.760996341705322266e-01,6.576014757156372070e-01,4.680333137512207031e-01,5.152233839035034180e-01,6.168036460876464844e-01,9.081107974052429199e-01,3.654201924800872803e-01,6.358638405799865723e-01,3.953313827514648438e-01,4.686296582221984863e-01,7.138530611991882324e-01,9.321748018264770508e-01,5.135544538497924805e-01,9.580045938491821289e-01,5.356310606002807617e-01,9.221332669258117676e-01,6.891891360282897949e-01,6.741808652877807617e-01,7.621886134147644043e-01,9.202590584754943848e-01,7.734100222587585449e-01,7.873567342758178711e-01,7.977849841117858887e-01,7.916461825370788574e-01,9.406861066818237305e-01,5.917714834213256836e-01,8.683717250823974609e-01,8.148368597030639648e-01,7.400924563407897949e-01,7.288358211517333984e-01,7.056921720504760742e-01,8.302116394042968750e-01,8.135753273963928223e-01,7.522975206375122070e-01,9.253075718879699707e-01
5.922845602035522461e-01,6.196792125701904297e-01,6.342655420303344727e-01,6.329058408737182617e-01,4.689231514930725098e-01,6.309435367584228516e-01,4.724814295768737793e-01,9.263253808021545410e-01,8.274505138397216797e-01,9.534910321235656738e-01,6.883539557456970215e-01,1.000000119209289551e+00,8.298254609107971191e-01,8.414254784584045410e-01,5.226926207542419434e-01,9.508996009826660156e-01,9.773517251014709473e-01,6.864128112792968750e-01,6.597948670387268066e-01,8.136169314384460449e-01,6.837060451507568359e-01,5.112766027450561523e-01,6.976807117462158203e-01,7.602384686470031738e-01,8.652061820030212402e-01,5.476499199867248535e-01,5.888382792472839355e-01,5.761613845825195312e-01,5.769782662391662598e-01,5.679891109466552734e-01,5.250504612922668457e-01,8.316398859024047852e-01,6.476057171821594238e-01,7.330532670021057129e-01,5.729134678840637207e-01,5.644911527633666992e-01,5.084979534149169922e-01,5.282333493232727051e-01,4.760739207267761230e-01,5.834249854087829590e-01,6.252732276916503906e-01,4.900425970554351807e-01,9.222590923309326172e-01,6.801841855049133301e-01,8.507288098335266113e-01,9.420267939567565918e-01,9.485311508178710938e-01,8.442985415458679199e-01,6.781045198440551758e-01,8.732978701591491699e-01,4.935473799705505371e-01,8.190820217132568359e-01,9.513098001480102539e-01,9.076185822486877441e-01,9.301898479461669922e-01,9.789240956306457520e-01,6.707116961479187012e-01,7.450645565986633301e-01,7.418000102043151855e-01,9.581665396690368652e-01,7.593097686767578125e-01,9.627224802970886230e-01,9.062535166740417480e-01,8.339101076126098633e-01,7.503166198730468750e-01,7.987853884696960449e-01,8.921118974685668945e-01,8.092015385627746582e-01,8.645660281181335449e-01,8.454339504241943359e-01,9.246829152107238770e-01,3.860408067703247070e-01,8.201181292533874512e-01,8.853259682655334473e-01,8.344110250473022461e-01,9.805532097816467285e-01,7.523711919784545898e-01,8.357616066932678223e-01,8.176262378692626953e-01,5.817945599555969238e-01
4.940731227397918701e-01,6.983001828193664551e-01,4.699603617191314697e-01,5.348187088966369629e-01,7.277590036392211914e-01,7.761849164962768555e-01,7.081185579299926758e-01,6.396005749702453613e-01,4.260993301868438721e-01,7.631300091743469238e-01,7.453255653381347656e-01,8.298254609107971191e-01,1.000000000000000000e+00,8.788724541664123535e-01,7.326604127883911133e-01,7.254865765571594238e-01,8.057629466056823730e-01,9.293313622474670410e-01,9.128363132476806641e-01,9.411385059356689453e-01,9.304297566413879395e-01,7.806057333946228027e-01,9.059394001960754395e-01,9.314442276954650879e-01,9.777832031250000000e-01,4.890504181385040283e-01,5.027803182601928711e-01,6.059706211090087891e-01,4.803002178668975830e-01,5.025029182434082031e-01,5.214152336120605469e-01,9.528371095657348633e-01,5.447746515274047852e-01,9.329801201820373535e-01,7.660421729087829590e-01,8.043624758720397949e-01,7.772370576858520508e-01,7.636518478393554688e-01,7.355666756629943848e-01,7.987035512924194336e-01,8.957791328430175781e-01,7.285584807395935059e-01,6.565302014350891113e-01,5.824208259582519531e-01,5.062827467918395996e-01,6.667072772979736328e-01,7.794309854507446289e-01,8.604171872138977051e-01,9.037784337997436523e-01,9.046823978424072266e-01,7.484844326972961426e-01,7.731037139892578125e-01,8.571287989616394043e-01,6.885659098625183105e-01,7.218564748764038086e-01,7.744516730308532715e-01,8.596722483634948730e-01,9.084728360176086426e-01,6.687123775482177734e-01,7.287131547927856445e-01,6.521137952804565430e-01,7.279932498931884766e-01,5.985655188560485840e-01,5.609948635101318359e-01,6.237422227859497070e-01,5.450983643531799316e-01,6.521109342575073242e-01,5.814437270164489746e-01,6.337766051292419434e-01,7.923606634140014648e-01,6.234593391418457031e-01,6.681865453720092773e-01,5.967896580696105957e-01,6.173109412193298340e-01,5.514088869094848633e-01,8.736895918846130371e-01,5.409269928932189941e-01,6.280375719070434570e-01,5.514892339706420898e-01,8.043423295021057129e-01
2.247510105371475220e-01,4.361650943756103516e-01,2.353893369436264038e-01,2.713070809841156006e-01,4.577650129795074463e-01,5.392608642578125000e-01,4.169188737869262695e-01,6.668158173561096191e-01,5.139352083206176758e-01,8.841422200202941895e-01,4.888086318969726562e-01,8.414254784584045410e-01,8.788724541664123535e-01,1.000000238418579102e+00,4.648480415344238281e-01,8.264834284782409668e-01,8.594323992729187012e-01,8.368064761161804199e-01,8.595260381698608398e-01,9.513172507286071777e-01,8.485790491104125977e-01,5.348497629165649414e-01,9.216609001159667969e-01,9.375942349433898926e-01,8.943660259246826172e-01,2.033998817205429077e-01,2.333261370658874512e-01,3.220237195491790771e-01,2.048786729574203491e-01,2.201350927352905273e-01,2.149164229631423950e-01,9.527126550674438477e-01,3.018140196800231934e-01,9.191949367523193359e-01,5.081155896186828613e-01,5.783597826957702637e-01,5.405170321464538574e-01,4.961069226264953613e-01,4.664675593376159668e-01,5.652460455894470215e-01,8.192145228385925293e-01,4.631471037864685059e-01,6.097905039787292480e-01,3.417177200317382812e-01,5.183078050613403320e-01,7.635087966918945312e-01,8.471381664276123047e-01,9.794314503669738770e-01,9.054309129714965820e-01,9.615895748138427734e-01,4.842969179153442383e-01,9.521374702453613281e-01,9.297364950180053711e-01,8.584240674972534180e-01,8.608022928237915039e-01,7.706976532936096191e-01,6.286609768867492676e-01,9.533832669258117676e-01,4.659644067287445068e-01,8.390880823135375977e-01,4.445997774600982666e-01,7.353230118751525879e-01,6.003132462501525879e-01,4.708886444568634033e-01,4.290879964828491211e-01,4.269585907459259033e-01,5.705444812774658203e-01,4.488225579261779785e-01,5.422980189323425293e-01,6.032046675682067871e-01,6.484565138816833496e-01,3.852363228797912598e-01,4.633374810218811035e-01,5.693357586860656738e-01,4.676669836044311523e-01,8.860917687416076660e-01,3.580766320228576660e-01,5.192080140113830566e-01,4.428298473358154297e-01,5.606685876846313477e-01
7.686100602149963379e-01,9.603850245475769043e-01,6.873014569282531738e-01,7.791194319725036621e-01,9.883476495742797852e-01,9.837061166763305664e-01,9.927955865859985352e-01,4.386824667453765869e-01,1.370265036821365356e-01,3.664133846759796143e-01,9.378820657730102539e-01,5.226926207542419434e-01,7.326604127883911133e-01,4.648480415344238281e-01,9.999999403953552246e-01,3.008450269699096680e-01,5.032015442848205566e-01,8.138551712036132812e-01,7.716891765594482422e-01,6.409673690795898438e-01,7.851984500885009766e-01,9.765669107437133789e-01,6.344075798988342285e-01,6.343371272087097168e-01,7.473627924919128418e-01,8.045830130577087402e-01,7.810990810394287109e-01,9.096027612686157227e-01,7.540904283523559570e-01,8.051000237464904785e-01,8.617238402366638184e-01,6.099416017532348633e-01,7.925251722335815430e-01,6.656337380409240723e-01,9.909466505050659180e-01,9.781428575515747070e-01,9.779328107833862305e-01,9.919501543045043945e-01,9.903047084808349609e-01,9.868409037590026855e-01,7.874729633331298828e-01,9.913164377212524414e-01,5.271766781806945801e-01,7.953571677207946777e-01,3.583237528800964355e-01,3.582268357276916504e-01,5.237993001937866211e-01,4.395469725131988525e-01,5.976942777633666992e-01,5.878943800926208496e-01,9.908419251441955566e-01,3.069823980331420898e-01,5.297694206237792969e-01,2.258081585168838501e-01,3.011379539966583252e-01,5.171368718147277832e-01,9.598841071128845215e-01,5.530561208724975586e-01,8.462034463882446289e-01,3.473901748657226562e-01,7.666177749633789062e-01,4.824223816394805908e-01,4.269355833530426025e-01,5.219455957412719727e-01,7.659266591072082520e-01,5.368474721908569336e-01,5.625174641609191895e-01,5.717918872833251953e-01,5.716247558593750000e-01,8.275765776634216309e-01,3.381381928920745850e-01,9.769307374954223633e-01,5.947809815406799316e-01,5.053430795669555664e-01,4.794972240924835205e-01,5.659886598587036133e-01,6.157730817794799805e-01,6.007947921752929688e-01,5.067043304443359375e-01,9.862526059150695801e-01
4.350684285163879395e-01,4.159595966339111328e-01,5.016008615493774414e-01,4.721549749374389648e-01,2.456538528203964233e-01,4.281048178672790527e-01,2.430224120616912842e-01,9.136217236518859863e-01,8.788049817085266113e-01,9.671857953071594238e-01,5.046861171722412109e-01,9.508996009826660156e-01,7.254865765571594238e-01,8.264834284782409668e-01,3.008450269699096680e-01,9.999998807907104492e-01,9.565809965133666992e-01,5.497967004776000977e-01,5.330545902252197266e-01,7.387738227844238281e-01,5.516071319580078125e-01,2.932963371276855469e-01,6.137075424194335938e-01,6.801594495773315430e-01,7.517886161804199219e-01,3.773276209831237793e-01,4.331478178501129150e-01,3.781871199607849121e-01,4.227243065834045410e-01,3.979355394840240479e-01,3.315731585025787354e-01,7.615438103675842285e-01,4.860905706882476807e-01,6.438444852828979492e-01,3.620578348636627197e-01,3.594827950000762939e-01,2.987993955612182617e-01,3.136299550533294678e-01,2.583022713661193848e-01,3.747618496417999268e-01,4.849022328853607178e-01,2.640602886676788330e-01,8.734756708145141602e-01,5.304445624351501465e-01,8.476372957229614258e-01,9.549994468688964844e-01,9.038609266281127930e-01,8.209531307220458984e-01,5.942541956901550293e-01,8.186362385749816895e-01,2.768936455249786377e-01,8.463086485862731934e-01,9.183034896850585938e-01,9.497059583663940430e-01,9.546669125556945801e-01,9.392294287681579590e-01,4.790152609348297119e-01,6.975076794624328613e-01,5.875961184501647949e-01,9.817557334899902344e-01,6.233845949172973633e-01,9.391551017761230469e-01,8.918247818946838379e-01,7.851067781448364258e-01,6.151379346847534180e-01,7.433623075485229492e-01,8.314625024795532227e-01,7.419868707656860352e-01,8.047392964363098145e-01,6.933550238609313965e-01,9.344087839126586914e-01,1.487326323986053467e-01,7.444959878921508789e-01,8.519610762596130371e-01,7.899706959724426270e-01,9.446334838867187500e-01,6.545048356056213379e-01,7.707910537719726562e-01,7.649559974670410156e-01,3.704858124256134033e-01
5.547279715538024902e-01,5.969148874282836914e-01,5.964387655258178711e-01,5.917825102806091309e-01,4.475025236606597900e-01,6.167039871215820312e-01,4.459239542484283447e-01,9.343393445014953613e-01,8.262652158737182617e-01,9.721398949623107910e-01,6.565922498703002930e-01,9.773517251014709473e-01,8.057629466056823730e-01,8.594323992729187012e-01,5.032015442848205566e-01,9.565809965133666992e-01,9.999998211860656738e-01,6.918116211891174316e-01,6.700105071067810059e-01,8.240678310394287109e-01,6.827914714813232422e-01,4.947399795055389404e-01,7.147456407546997070e-01,7.707909345626831055e-01,8.467470407485961914e-01,5.129348635673522949e-01,5.568029284477233887e-01,5.459512472152709961e-01,5.395857095718383789e-01,5.326459407806396484e-01,4.869800209999084473e-01,8.280300498008728027e-01,6.140713095664978027e-01,7.423110008239746094e-01,5.542221069335937500e-01,5.561910867691040039e-01,5.020347237586975098e-01,5.069854855537414551e-01,4.592441916465759277e-01,5.709540247917175293e-01,6.303039789199829102e-01,4.693104028701782227e-01,9.053326249122619629e-01,6.509230136871337891e-01,8.538928031921386719e-01,9.486504793167114258e-01,9.694868326187133789e-01,8.621714711189270020e-01,6.804019212722778320e-01,8.962156772613525391e-01,4.766570329666137695e-01,8.540968894958496094e-01,9.674555659294128418e-01,9.279807806015014648e-01,9.504417777061462402e-01,9.686233401298522949e-01,6.480916142463684082e-01,7.577384710311889648e-01,7.310897707939147949e-01,9.747946262359619141e-01,7.239526510238647461e-01,9.645642638206481934e-01,9.026042819023132324e-01,8.145687580108642578e-01,7.216826677322387695e-01,7.787702679634094238e-01,8.706994056701660156e-01,7.866308689117431641e-01,8.465602397918701172e-01,8.143948912620544434e-01,9.111018776893615723e-01,3.684513866901397705e-01,7.954382896423339844e-01,8.760870099067687988e-01,8.115677237510681152e-01,9.759433269500732422e-01,7.085084319114685059e-01,8.137090802192687988e-01,7.875046133995056152e-01,5.655825734138488770e-01
4.156823456287384033e-01,7.205470204353332520e-01,3.558422923088073730e-01,4.515359103679656982e-01,8.297541737556457520e-01,8.257827758789062500e-01,7.923988103866577148e-01,4.768798947334289551e-01,1.972633302211761475e-01,6.348187327384948730e-01,7.334220409393310547e-01,6.864128112792968750e-01,9.293313622474670410e-01,8.368064761161804199e-01,8.138551712036132812e-01,5.497967004776000977e-01,6.918116211891174316e-01,1.000000000000000000e+00,9.883097410202026367e-01,9.456896185874938965e-01,9.880771636962890625e-01,8.752239942550659180e-01,9.531895518302917480e-01,9.527989029884338379e-01,9.391562938690185547e-01,4.350346028804779053e-01,4.333616495132446289e-01,5.980456471443176270e-01,3.932727277278900146e-01,4.446769654750823975e-01,4.971864819526672363e-01,9.198012948036193848e-01,4.727424383163452148e-01,9.661726355552673340e-01,8.337050676345825195e-01,8.981903195381164551e-01,8.836241364479064941e-01,8.365835547447204590e-01,8.324566483497619629e-01,8.754852414131164551e-01,9.857464432716369629e-01,8.204135298728942871e-01,4.940521717071533203e-01,5.020586252212524414e-01,3.182553946971893311e-01,5.044420957565307617e-01,7.023834586143493652e-01,8.202018141746520996e-01,9.395754933357238770e-01,8.841667175292968750e-01,8.382220864295959473e-01,7.230874896049499512e-01,7.769441604614257812e-01,5.507745146751403809e-01,5.875282883644104004e-01,6.195955872535705566e-01,8.892158865928649902e-01,9.161504507064819336e-01,6.274269223213195801e-01,5.830226540565490723e-01,5.398010015487670898e-01,5.653343796730041504e-01,4.205370545387268066e-01,3.855367898941040039e-01,5.266131758689880371e-01,3.696235120296478271e-01,4.840741157531738281e-01,4.071575105190277100e-01,4.630602002143859863e-01,7.122719287872314453e-01,4.083890020847320557e-01,7.878209948539733887e-01,4.274489283561706543e-01,4.416758716106414795e-01,3.593906462192535400e-01,7.486649751663208008e-01,3.770682513713836670e-01,4.659563302993774414e-01,3.575539886951446533e-01,8.774913549423217773e-01
3.406117856502532959e-01,6.643760204315185547e-01,2.813608348369598389e-01,3.748220801353454590e-01,7.906387448310852051e-01,7.811881303787231445e-01,7.491407990455627441e-01,4.435327947139739990e-01,1.693513095378875732e-01,6.309525370597839355e-01,6.751156449317932129e-01,6.597948670387268066e-01,9.128363132476806641e-01,8.595260381698608398e-01,7.716891765594482422e-01,5.330545902252197266e-01,6.700105071067810059e-01,9.883097410202026367e-01,1.000000119209289551e+00,9.443058371543884277e-01,9.882194995880126953e-01,8.481458425521850586e-01,9.707664847373962402e-01,9.584053158760070801e-01,9.197414517402648926e-01,3.609311580657958984e-01,3.568789064884185791e-01,5.340710282325744629e-01,3.187058568000793457e-01,3.713413476943969727e-01,4.246127009391784668e-01,9.225701689720153809e-01,4.055141508579254150e-01,9.709060192108154297e-01,7.910847067832946777e-01,8.646297454833984375e-01,8.515827059745788574e-01,7.969648838043212891e-01,7.959427237510681152e-01,8.405765295028686523e-01,9.902049899101257324e-01,7.836857438087463379e-01,4.457310438156127930e-01,4.330950081348419189e-01,2.762265205383300781e-01,4.911085665225982666e-01,6.853694319725036621e-01,8.379596471786499023e-01,9.534754157066345215e-01,8.835771679878234863e-01,8.026714920997619629e-01,7.466437816619873047e-01,7.749442458152770996e-01,5.513580441474914551e-01,5.837257504463195801e-01,5.877807736396789551e-01,8.474794030189514160e-01,9.331649541854858398e-01,5.620258450508117676e-01,5.671828389167785645e-01,4.793434441089630127e-01,5.286877751350402832e-01,3.828157186508178711e-01,3.295647799968719482e-01,4.694106578826904297e-01,3.127281069755554199e-01,4.325475096702575684e-01,3.502626419067382812e-01,4.147198200225830078e-01,6.569073200225830078e-01,3.790900111198425293e-01,7.522014975547790527e-01,3.704445362091064453e-01,3.954854607582092285e-01,3.063206076622009277e-01,7.300615906715393066e-01,3.104926645755767822e-01,4.149904251098632812e-01,3.015339076519012451e-01,8.404622077941894531e-01
