1.000000238418579102e+00,9.053797125816345215e-01,6.526625156402587891e-01,9.601745605468750000e-01,9.592038989067077637e-01,9.045200943946838379e-01,9.408017396926879883e-01,8.277751207351684570e-01,8.178765177726745605e-01,1.752225756645202637e-01,3.646267950534820557e-01,5.723924636840820312e-01,7.770345807075500488e-01,2.120693325996398926e-01,9.658498167991638184e-01,5.183160901069641113e-01,5.676671266555786133e-01,3.726812005043029785e-01,1.718338876962661743e-01,1.718077510595321655e-01,2.032380104064941406e-01,3.762217760086059570e-01,1.393302381038665771e-01,2.949174046516418457e-01,5.018849372863769531e-01,9.353193044662475586e-01,9.511113166809082031e-01,9.581578969955444336e-01,9.376627802848815918e-01,9.573386907577514648e-01,9.595535993576049805e-01,2.273653596639633179e-01,1.855712532997131348e-01,3.037899732589721680e-01,2.893374562263488770e-01,6.805803179740905762e-01,2.954664230346679688e-01,8.200297951698303223e-01,7.809588313102722168e-01,8.630657792091369629e-01,2.385589182376861572e-01,8.966915607452392578e-01,7.478477358818054199e-01,5.977148413658142090e-01,2.577155828475952148e-01,3.066886067390441895e-01,4.011700749397277832e-01,2.847543358802795410e-01,3.516184687614440918e-01,1.649882644414901733e-01,6.923292875289916992e-01,3.084864616394042969e-01,2.553688287734985352e-01,2.414847463369369507e-01,2.231460511684417725e-01,6.794102191925048828e-01,5.724382400512695312e-01,2.006070166826248169e-01,7.491356730461120605e-01,5.669134855270385742e-01,3.152888417243957520e-01,8.995974808931350708e-02,4.627000987529754639e-01,2.986892759799957275e-01,2.363081574440002441e-01,2.512954473495483398e-01,1.858425587415695190e-01,1.860875636339187622e-01,1.470899432897567749e-01,7.368357181549072266e-01,1.638838499784469604e-01,1.635790765285491943e-01,1.459499001502990723e-01,5.236057564616203308e-02,3.929191231727600098e-01,1.383613049983978271e-01,1.661157310009002686e-01,2.273413538932800293e-01,1.237884312868118286e-01,2.424311041831970215e-01
9.053797125816345215e-01,1.000000000000000000e+00,8.447951674461364746e-01,9.125354290008544922e-01,9.013875722885131836e-01,8.528389930725097656e-01,8.925774097442626953e-01,9.368920326232910156e-01,9.345492124557495117e-01,3.647584319114685059e-01,5.025336742401123047e-01,6.193791627883911133e-01,8.005775213241577148e-01,4.311285018920898438e-01,9.156379103660583496e-01,4.345088601112365723e-01,6.050011515617370605e-01,4.219682812690734863e-01,3.942925333976745605e-01,1.361517757177352905e-01,1.902244538068771362e-01,3.500525057315826416e-01,2.722884118556976318e-01,3.381371498107910156e-01,4.247871339321136475e-01,8.552392125129699707e-01,9.114300608634948730e-01,8.806146979331970215e-01,8.645048737525939941e-01,8.668329715728759766e-01,9.195907115936279297e-01,1.788595169782638550e-01,4.187922775745391846e-01,2.516597509384155273e-01,2.281341701745986938e-01,5.850052237510681152e-01,2.652326822280883789e-01,6.590627431869506836e-01,6.000455617904663086e-01,7.481868267059326172e-01,2.405383288860321045e-01,8.301560878753662109e-01,7.246596217155456543e-01,4.711803793907165527e-01,5.096449851989746094e-01,3.278042376041412354e-01,3.701375722885131836e-01,2.677053511142730713e-01,2.978735566139221191e-01,1.308008283376693726e-01,5.712725520133972168e-01,3.903079926967620850e-01,2.758705019950866699e-01,2.824804484844207764e-01,4.507357776165008545e-01,5.756440758705139160e-01,4.149153530597686768e-01,1.430107057094573975e-01,5.952564477920532227e-01,4.281312525272369385e-01,5.596789121627807617e-01,3.225132822990417480e-01,7.074726819992065430e-01,5.652319788932800293e-01,5.027764439582824707e-01,5.124325156211853027e-01,4.515894055366516113e-01,3.808714747428894043e-01,4.230964481830596924e-01,8.259608745574951172e-01,4.108148813247680664e-01,4.270416200160980225e-01,4.248310327529907227e-01,3.114724159240722656e-01,6.550706624984741211e-01,3.688542246818542480e-01,4.203359186649322510e-01,4.746572077274322510e-01,3.857065737247467041e-01,4.835234880447387695e-01
6.526625156402587891e-01,8.447951674461364746e-01,1.000000000000000000e+00,6.419070363044738770e-01,6.149492859840393066e-01,5.516354441642761230e-01,5.881819725036621094e-01,9.193009138107299805e-01,9.240173101425170898e-01,5.759330987930297852e-01,6.433533430099487305e-01,5.010005831718444824e-01,6.619168519973754883e-01,6.909388303756713867e-01,6.916339397430419922e-01,2.433719784021377563e-01,5.704280138015747070e-01,3.611128032207489014e-01,6.458759307861328125e-01,6.785937398672103882e-02,1.695870161056518555e-01,2.180197387933731079e-01,4.239126145839691162e-01,3.339214622974395752e-01,1.903067529201507568e-01,5.216693282127380371e-01,6.215695142745971680e-01,5.724743604660034180e-01,5.490843057632446289e-01,5.475001335144042969e-01,6.544966101646423340e-01,1.048123389482498169e-01,6.610102057456970215e-01,1.544835418462753296e-01,1.117768436670303345e-01,3.176636099815368652e-01,1.855273246765136719e-01,2.745289206504821777e-01,2.084348499774932861e-01,4.373579025268554688e-01,2.051426470279693604e-01,5.476725697517395020e-01,4.787617623805999756e-01,1.833902001380920410e-01,7.740694284439086914e-01,2.648400366306304932e-01,2.908071577548980713e-01,1.686705201864242554e-01,1.401372700929641724e-01,8.410541713237762451e-02,2.362641990184783936e-01,4.147868156433105469e-01,2.596431374549865723e-01,2.358508408069610596e-01,7.063624858856201172e-01,2.627273201942443848e-01,8.479214459657669067e-02,3.072049282491207123e-02,2.185682505369186401e-01,1.290625333786010742e-01,7.871576547622680664e-01,6.102805733680725098e-01,9.234363436698913574e-01,8.324758410453796387e-01,7.709468007087707520e-01,7.692206501960754395e-01,7.387706637382507324e-01,5.849580764770507812e-01,7.148000001907348633e-01,8.238056898117065430e-01,6.971994638442993164e-01,7.190852761268615723e-01,7.331284284591674805e-01,6.257533431053161621e-01,9.073415398597717285e-01,6.300399303436279297e-01,7.035502195358276367e-01,7.323064804077148438e-01,6.774738430976867676e-01,7.368181347846984863e-01
9.601745605468750000e-01,9.125354290008544922e-01,6.419070363044738770e-01,1.000000357627868652e+00,9.719862937927246094e-01,9.395315051078796387e-01,9.726523756980895996e-01,8.253203630447387695e-01,7.862333655357360840e-01,2.067380547523498535e-01,3.883460164070129395e-01,6.234859824180603027e-01,7.715226411819458008e-01,2.369168847799301147e-01,9.622177481651306152e-01,5.417982935905456543e-01,5.532184243202209473e-01,4.363259077072143555e-01,1.998889148235321045e-01,2.324141860008239746e-01,2.497132569551467896e-01,4.264314472675323486e-01,1.939509510993957520e-01,3.628978729248046875e-01,5.681110024452209473e-01,9.698848724365234375e-01,9.762352705001831055e-01,9.757151007652282715e-01,9.772748351097106934e-01,9.632218480110168457e-01,9.700195789337158203e-01,2.701931297779083252e-01,2.050261348485946655e-01,3.541866838932037354e-01,3.407247066497802734e-01,7.232702970504760742e-01,3.483563959598541260e-01,8.711843490600585938e-01,8.228031992912292480e-01,9.082290530204772949e-01,2.782461941242218018e-01,9.465091824531555176e-01,7.902492880821228027e-01,6.493042111396789551e-01,2.674717903137207031e-01,3.583128154277801514e-01,4.341187477111816406e-01,3.454971909523010254e-01,4.150624275207519531e-01,2.131970673799514771e-01,7.404664754867553711e-01,3.464601039886474609e-01,3.072429895401000977e-01,3.105481564998626709e-01,2.411968559026718140e-01,7.195105552673339844e-01,5.969099998474121094e-01,2.633346319198608398e-01,7.603353261947631836e-01,5.974084734916687012e-01,3.407422602176666260e-01,1.191154494881629944e-01,4.729136526584625244e-01,3.032115101814270020e-01,2.637163400650024414e-01,2.755302488803863525e-01,2.014429271221160889e-01,2.136380374431610107e-01,1.628910899162292480e-01,7.080128192901611328e-01,1.731523573398590088e-01,1.795103400945663452e-01,1.563750803470611572e-01,6.292336434125900269e-02,3.976287543773651123e-01,1.582697480916976929e-01,1.779821515083312988e-01,2.361839860677719116e-01,1.362480968236923218e-01,2.509903907775878906e-01
9.592038989067077637e-01,9.013875722885131836e-01,6.149492859840393066e-01,9.719862937927246094e-01,9.999998807907104492e-01,9.330207109451293945e-01,9.693014621734619141e-01,7.816073298454284668e-01,7.964905500411987305e-01,9.019450843334197998e-02,2.649039328098297119e-01,5.801944732666015625e-01,7.341387271881103516e-01,1.247209310531616211e-01,9.509904980659484863e-01,4.843589961528778076e-01,5.082513689994812012e-01,3.576048612594604492e-01,9.586828202009201050e-02,1.228405907750129700e-01,1.433509439229965210e-01,3.418190181255340576e-01,7.557642459869384766e-02,2.530904710292816162e-01,4.744685292243957520e-01,9.741789698600769043e-01,9.781449437141418457e-01,9.831122159957885742e-01,9.674990177154541016e-01,9.815726280212402344e-01,9.724359512329101562e-01,1.588539183139801025e-01,1.337794512510299683e-01,2.515048682689666748e-01,2.386790961027145386e-01,6.800818443298339844e-01,2.516865730285644531e-01,8.484972715377807617e-01,7.992755770683288574e-01,8.719539046287536621e-01,1.758430600166320801e-01,9.150637388229370117e-01,7.546224594116210938e-01,5.913574695587158203e-01,1.851568520069122314e-01,2.539285421371459961e-01,3.403033018112182617e-01,2.526674568653106689e-01,3.168866932392120361e-01,1.016746684908866882e-01,6.828268170356750488e-01,2.447102814912796021e-01,2.022376358509063721e-01,2.041087001562118530e-01,1.453372985124588013e-01,6.808786988258361816e-01,5.818477869033813477e-01,1.595780402421951294e-01,7.473911643028259277e-01,5.524901747703552246e-01,2.497236728668212891e-01,1.449912879616022110e-02,4.066397249698638916e-01,2.230567485094070435e-01,1.648801565170288086e-01,1.899618804454803467e-01,1.191689670085906982e-01,1.123107150197029114e-01,7.632081210613250732e-02,6.662338972091674805e-01,7.917741686105728149e-02,8.671487867832183838e-02,7.230388373136520386e-02,-2.738460525870323181e-02,3.362054228782653809e-01,6.520108878612518311e-02,8.283766359090805054e-02,1.569391041994094849e-01,4.627199470996856689e-02,1.619974225759506226e-01
9.045200943946838379e-01,8.528389930725097656e-01,5.516354441642761230e-01,9.395315051078796387e-01,9.330207109451293945e-01,1.000000000000000000e+00,9.417779445648193359e-01,7.159473896026611328e-01,6.863161325454711914e-01,2.803016602993011475e-01,4.413001537322998047e-01,7.409564256668090820e-01,8.105919361114501953e-01,2.708864808082580566e-01,9.339547157287597656e-01,6.799522042274475098e-01,6.467473506927490234e-01,6.045693755149841309e-01,2.584001421928405762e-01,4.118029773235321045e-01,4.183149337768554688e-01,5.852666497230529785e-01,3.173958659172058105e-01,5.130146145820617676e-01,7.086437344551086426e-01,9.379130005836486816e-01,9.562691450119018555e-01,9.514060616493225098e-01,9.368153810501098633e-01,9.122863411903381348e-01,9.424054026603698730e-01,4.354843199253082275e-01,2.656344473361968994e-01,5.222497582435607910e-01,5.079062581062316895e-01,8.373900055885314941e-01,5.252739787101745605e-01,9.207392930984497070e-01,8.918079137802124023e-01,9.562717080116271973e-01,4.513283669948577881e-01,9.718517661094665527e-01,8.578752875328063965e-01,7.719714641571044922e-01,2.946071624755859375e-01,5.220217108726501465e-01,5.810743570327758789e-01,5.290741324424743652e-01,5.834724307060241699e-01,3.856137990951538086e-01,8.482260107994079590e-01,4.732495248317718506e-01,4.688406884670257568e-01,4.800994098186492920e-01,2.773512899875640869e-01,8.420236706733703613e-01,7.339040637016296387e-01,4.444610476493835449e-01,8.365365266799926758e-01,7.162888050079345703e-01,3.527857661247253418e-01,1.787845045328140259e-01,4.324854612350463867e-01,2.878165841102600098e-01,2.614960968494415283e-01,2.946560382843017578e-01,2.252763360738754272e-01,2.972734272480010986e-01,1.958479285240173340e-01,7.045769095420837402e-01,1.978175789117813110e-01,2.047404497861862183e-01,1.636184453964233398e-01,9.371894598007202148e-02,3.550753593444824219e-01,2.110876291990280151e-01,2.033851146697998047e-01,2.783360779285430908e-01,1.697199046611785889e-01,2.885430455207824707e-01
9.408017396926879883e-01,8.925774097442626953e-01,5.881819725036621094e-01,9.726523756980895996e-01,9.693014621734619141e-01,9.417779445648193359e-01,1.000000000000000000e+00,7.700528502464294434e-01,7.627828717231750488e-01,1.310350149869918823e-01,3.145111799240112305e-01,5.948724150657653809e-01,7.358540892601013184e-01,1.845916658639907837e-01,9.262754321098327637e-01,5.028397440910339355e-01,4.974085986614227295e-01,3.967064917087554932e-01,1.337502598762512207e-01,1.891417056322097778e-01,2.073265314102172852e-01,3.900186419486999512e-01,1.491758525371551514e-01,3.239662647247314453e-01,5.372202396392822266e-01,9.773277044296264648e-01,9.737834334373474121e-01,9.748323559761047363e-01,9.695275425910949707e-01,9.651750922203063965e-01,9.645326137542724609e-01,2.244788557291030884e-01,1.388138681650161743e-01,3.133409321308135986e-01,2.946580946445465088e-01,7.079581618309020996e-01,3.048190772533416748e-01,8.797014355659484863e-01,8.325915932655334473e-01,9.029028415679931641e-01,2.288140654563903809e-01,9.403555393218994141e-01,7.598364353179931641e-01,6.271312832832336426e-01,2.032265514135360718e-01,3.102453649044036865e-01,3.845497667789459229e-01,3.139564990997314453e-01,3.811438083648681641e-01,1.672638803720474243e-01,7.250910401344299316e-01,2.882932424545288086e-01,2.479918152093887329e-01,2.686579525470733643e-01,1.654554754495620728e-01,7.005689144134521484e-01,5.972899198532104492e-01,2.280413359403610229e-01,7.438793182373046875e-01,5.761396288871765137e-01,2.722296416759490967e-01,4.665146023035049438e-02,4.142822623252868652e-01,2.365853935480117798e-01,1.990408003330230713e-01,2.173954099416732788e-01,1.340630501508712769e-01,1.476809978485107422e-01,9.605778008699417114e-02,6.573718786239624023e-01,1.093169748783111572e-01,1.059337556362152100e-01,8.435385674238204956e-02,-4.321082960814237595e-03,3.358362317085266113e-01,8.521275967359542847e-02,1.076660230755805969e-01,1.721596121788024902e-01,6.896425783634185791e-02,1.824421733617782593e-01
8.277751207351684570e-01,9.368920326232910156e-01,9.193009138107299805e-01,8.253203630447387695e-01,7.816073298454284668e-01,7.159473896026611328e-01,7.700528502464294434e-01,1.000000238418579102e+00,9.290291666984558105e-01,4.819377064704895020e-01,5.928837656974792480e-01,5.390626192092895508e-01,7.528538703918457031e-01,5.714658498764038086e-01,8.435848355293273926e-01,3.719991743564605713e-01,5.779817700386047363e-01,3.889162540435791016e-01,5.167925357818603516e-01,1.464037746191024780e-01,2.186271399259567261e-01,3.028220236301422119e-01,3.619107902050018311e-01,3.729031682014465332e-01,3.762086331844329834e-01,7.262234091758728027e-01,7.905474901199340820e-01,7.601042389869689941e-01,7.480990886688232422e-01,7.425009012222290039e-01,8.176677227020263672e-01,1.935076117515563965e-01,5.105648040771484375e-01,2.464928776025772095e-01,2.171681225299835205e-01,4.952266812324523926e-01,2.550131082534790039e-01,5.154057145118713379e-01,4.578177332878112793e-01,6.414864063262939453e-01,2.583534419536590576e-01,7.287561297416687012e-01,6.263009309768676758e-01,3.642431199550628662e-01,6.363602280616760254e-01,3.220295906066894531e-01,3.586829304695129395e-01,2.418951541185379028e-01,2.650333046913146973e-01,1.461694538593292236e-01,4.611644744873046875e-01,4.321815371513366699e-01,3.004068136215209961e-01,2.727887928485870361e-01,5.798921585083007812e-01,4.495985209941864014e-01,2.572193741798400879e-01,1.258974522352218628e-01,4.476155042648315430e-01,3.125347197055816650e-01,6.799068450927734375e-01,4.648145437240600586e-01,8.124169707298278809e-01,6.955373883247375488e-01,6.459214687347412109e-01,6.308827400207519531e-01,5.816123485565185547e-01,4.926116466522216797e-01,5.574828982353210449e-01,8.487529754638671875e-01,5.518934726715087891e-01,5.669671893119812012e-01,5.658733844757080078e-01,4.575792849063873291e-01,7.701124548912048340e-01,5.028450489044189453e-01,5.557353496551513672e-01,5.757439732551574707e-01,5.168771743774414062e-01,6.014374494552612305e-01
8.178765177726745605e-01,9.345492124557495117e-01,9.240173101425170898e-01,7.862333655357360840e-01,7.964905500411987305e-01,6.863161325454711914e-01,7.627828717231750488e-01,9.290291666984558105e-01,9.999998807907104492e-01,3.311754763126373291e-01,4.435507357120513916e-01,4.712301492691040039e-01,6.791697740554809570e-01,4.498193860054016113e-01,8.048617243766784668e-01,2.158695906400680542e-01,4.889539778232574463e-01,2.578240036964416504e-01,4.002677500247955322e-01,-6.472789496183395386e-02,1.490870863199234009e-02,1.297781318426132202e-01,1.969924718141555786e-01,1.835613250732421875e-01,1.723444163799285889e-01,7.124874591827392578e-01,7.869729399681091309e-01,7.491598129272460938e-01,7.204831242561340332e-01,7.467253804206848145e-01,8.082090616226196289e-01,-2.444821223616600037e-02,4.313553571701049805e-01,4.362107813358306885e-02,1.143801677972078323e-02,3.678719401359558105e-01,6.689839065074920654e-02,4.412369728088378906e-01,3.689878284931182861e-01,5.606600642204284668e-01,5.788104981184005737e-02,6.667110323905944824e-01,5.316240191459655762e-01,2.281638979911804199e-01,5.483776330947875977e-01,1.351707428693771362e-01,1.828122586011886597e-01,6.073439493775367737e-02,6.518130749464035034e-02,-5.865651741623878479e-02,3.137049674987792969e-01,2.543253004550933838e-01,9.968514740467071533e-02,9.278839081525802612e-02,4.728768169879913330e-01,3.372716009616851807e-01,1.647458076477050781e-01,-7.846859097480773926e-02,3.574570715427398682e-01,1.835464835166931152e-01,5.775136947631835938e-01,3.383583128452301025e-01,7.715445160865783691e-01,6.330704092979431152e-01,5.468307137489318848e-01,5.506812930107116699e-01,5.025776028633117676e-01,3.514539897441864014e-01,4.693658351898193359e-01,7.849925160408020020e-01,4.525604844093322754e-01,4.710331857204437256e-01,4.902949333190917969e-01,3.596572279930114746e-01,7.462233901023864746e-01,3.795069754123687744e-01,4.579779803752899170e-01,5.107944607734680176e-01,4.303279221057891846e-01,5.151765346527099609e-01
1.752225756645202637e-01,3.647584319114685059e-01,5.759330987930297852e-01,2.067380547523498535e-01,9.019450843334197998e-02,2.803016602993011475e-01,1.310350149869918823e-01,4.819377064704895020e-01,3.311754763126373291e-01,1.000000119209289551e+00,9.448935985565185547e-01,7.125623822212219238e-01,6.358261704444885254e-01,9.570690989494323730e-01,3.214413523674011230e-01,5.878085494041442871e-01,7.758731245994567871e-01,8.021846413612365723e-01,9.737851619720458984e-01,7.073998451232910156e-01,7.774394750595092773e-01,7.059249877929687500e-01,9.316312670707702637e-01,8.302718997001647949e-01,5.657703280448913574e-01,4.254611209034919739e-02,1.756566911935806274e-01,1.010030657052993774e-01,1.032090932130813599e-01,6.254906300455331802e-03,2.001586258411407471e-01,7.114090323448181152e-01,9.494248628616333008e-01,7.033821940422058105e-01,6.758239865303039551e-01,4.467767477035522461e-01,7.305412292480468750e-01,9.129413962364196777e-02,1.250867098569869995e-01,2.507486045360565186e-01,7.914612293243408203e-01,2.708218097686767578e-01,5.177583098411560059e-01,4.236239790916442871e-01,9.330093860626220703e-01,8.104661107063293457e-01,7.601282596588134766e-01,7.225475907325744629e-01,6.590234637260437012e-01,7.311045527458190918e-01,3.926541209220886230e-01,8.996582031250000000e-01,8.207128047943115234e-01,8.087103366851806641e-01,9.606455564498901367e-01,4.225255846977233887e-01,2.930308580398559570e-01,6.549446582794189453e-01,2.174691706895828247e-01,3.982830047607421875e-01,9.265050888061523438e-01,9.752646088600158691e-01,8.047568202018737793e-01,8.748761415481567383e-01,9.106519222259521484e-01,9.230607748031616211e-01,9.281683564186096191e-01,9.811104536056518555e-01,9.310854077339172363e-01,7.123078703880310059e-01,9.435458779335021973e-01,9.329270720481872559e-01,9.103042483329772949e-01,9.394629001617431641e-01,7.865181565284729004e-01,9.638342261314392090e-01,9.443186521530151367e-01,9.411917924880981445e-01,9.399752616882324219e-01,9.475001096725463867e-01
3.646267950534820557e-01,5.025336742401123047e-01,6.433533430099487305e-01,3.883460164070129395e-01,2.649039328098297119e-01,4.413001537322998047e-01,3.145111799240112305e-01,5.928837656974792480e-01,4.435507357120513916e-01,9.448935985565185547e-01,9.999997615814208984e-01,7.485257387161254883e-01,7.509224414825439453e-01,9.285789728164672852e-01,4.813371896743774414e-01,6.908835172653198242e-01,8.227391242980957031e-01,8.212681412696838379e-01,9.231191277503967285e-01,7.370203137397766113e-01,8.001869320869445801e-01,7.632492780685424805e-01,9.185736179351806641e-01,8.640345931053161621e-01,6.680673956871032715e-01,2.258198559284210205e-01,3.468146920204162598e-01,2.931232452392578125e-01,2.724307775497436523e-01,1.971688717603683472e-01,3.679254055023193359e-01,7.488345503807067871e-01,8.860052227973937988e-01,7.590752840042114258e-01,7.306575775146484375e-01,5.834941267967224121e-01,7.790323495864868164e-01,2.925361990928649902e-01,3.083973824977874756e-01,4.379640221595764160e-01,8.206963539123535156e-01,4.564527869224548340e-01,6.225119829177856445e-01,5.589607357978820801e-01,8.890295624732971191e-01,8.285124301910400391e-01,8.274927139282226562e-01,7.575758099555969238e-01,7.100620269775390625e-01,7.546337842941284180e-01,5.327680110931396484e-01,8.875063657760620117e-01,8.421373963356018066e-01,8.106399774551391602e-01,9.113256931304931641e-01,5.431691408157348633e-01,4.250668287277221680e-01,6.900062561035156250e-01,3.737573325634002686e-01,5.247886776924133301e-01,8.860847353935241699e-01,9.101853966712951660e-01,8.073746562004089355e-01,8.364464640617370605e-01,8.567990064620971680e-01,8.674024939537048340e-01,8.590794801712036133e-01,9.322876930236816406e-01,8.530732989311218262e-01,8.077082037925720215e-01,8.758503198623657227e-01,8.620507121086120605e-01,8.324291110038757324e-01,8.472659587860107422e-01,7.739682793617248535e-01,8.885670304298400879e-01,8.816174864768981934e-01,8.846480250358581543e-01,8.623313903808593750e-01,8.961056470870971680e-01
5.723924636840820312e-01,6.193791627883911133e-01,5.010005831718444824e-01,6.234859824180603027e-01,5.801944732666015625e-01,7.409564256668090820e-01,5.948724150657653809e-01,5.390626192092895508e-01,4.712301492691040039e-01,7.125623822212219238e-01,7.485257387161254883e-01,1.000000000000000000e+00,8.966863751411437988e-01,6.243580579757690430e-01,7.138922810554504395e-01,8.496280908584594727e-01,9.117218852043151855e-01,9.199842810630798340e-01,6.683505773544311523e-01,7.314842939376831055e-01,7.686792016029357910e-01,8.667870759963989258e-01,7.309829592704772949e-01,8.189108371734619141e-01,7.975813746452331543e-01,5.376561880111694336e-01,6.411669850349426270e-01,5.796429514884948730e-01,5.744332075119018555e-01,4.949947297573089600e-01,6.220149993896484375e-01,7.380431294441223145e-01,7.141377329826354980e-01,7.857369184494018555e-01,7.748003602027893066e-01,8.271320462226867676e-01,8.153949379920959473e-01,6.182583570480346680e-01,6.550016999244689941e-01,6.935454607009887695e-01,7.861654162406921387e-01,6.888468265533447266e-01,9.078880548477172852e-01,8.281375765800476074e-01,6.247649788856506348e-01,8.583952188491821289e-01,8.567895293235778809e-01,8.276280164718627930e-01,8.138201236724853516e-01,7.385102510452270508e-01,8.016887307167053223e-01,8.497577905654907227e-01,8.096373081207275391e-01,8.397884368896484375e-01,6.697478294372558594e-01,8.631983995437622070e-01,7.740790247917175293e-01,7.504836320877075195e-01,7.237039208412170410e-01,8.046908378601074219e-01,6.649380326271057129e-01,6.221235990524291992e-01,6.034150719642639160e-01,5.643401145935058594e-01,5.730517506599426270e-01,6.318042874336242676e-01,5.970535278320312500e-01,7.244002819061279297e-01,5.711947679519653320e-01,7.965555191040039062e-01,5.917560458183288574e-01,5.751785039901733398e-01,5.455352067947387695e-01,5.531528592109680176e-01,5.477761030197143555e-01,6.485846638679504395e-01,5.888230204582214355e-01,6.662607192993164062e-01,5.836280584335327148e-01,6.522589921951293945e-01
7.770345807075500488e-01,8.005775213241577148e-01,6.619168519973754883e-01,7.715226411819458008e-01,7.341387271881103516e-01,8.105919361114501953e-01,7.358540892601013184e-01,7.528538703918457031e-01,6.791697740554809570e-01,6.358261704444885254e-01,7.509224414825439453e-01,8.966863751411437988e-01,9.999998807907104492e-01,5.921084880828857422e-01,8.584563732147216797e-01,8.098022341728210449e-01,9.047439098358154297e-01,7.793399691581726074e-01,6.013985872268676758e-01,5.868663787841796875e-01,6.451437473297119141e-01,7.609615325927734375e-01,6.162519454956054688e-01,7.080135345458984375e-01,7.431986927986145020e-01,6.725485324859619141e-01,7.640562057495117188e-01,7.269346714019775391e-01,6.942866444587707520e-01,6.751657724380493164e-01,7.631841301918029785e-01,6.289933919906616211e-01,6.464345455169677734e-01,6.776461601257324219e-01,6.605584025382995605e-01,8.246066570281982422e-01,6.947277188301086426e-01,6.742305755615234375e-01,6.943828463554382324e-01,7.553576827049255371e-01,6.749932765960693359e-01,7.709352970123291016e-01,9.085394144058227539e-01,7.872280478477478027e-01,6.254158020019531250e-01,7.358261942863464355e-01,7.772276997566223145e-01,6.992978453636169434e-01,6.990875601768493652e-01,6.033235192298889160e-01,7.973031997680664062e-01,7.533765435218811035e-01,6.902677416801452637e-01,6.910207271575927734e-01,6.271346807479858398e-01,8.291489481925964355e-01,7.350513339042663574e-01,6.011103391647338867e-01,7.682206630706787109e-01,7.665044665336608887e-01,6.510353088378906250e-01,5.526045560836791992e-01,6.737827658653259277e-01,5.945245623588562012e-01,5.693585872650146484e-01,6.096631884574890137e-01,5.668038725852966309e-01,6.556490659713745117e-01,5.402147173881530762e-01,9.131918549537658691e-01,5.607615709304809570e-01,5.491144061088562012e-01,5.296368002891540527e-01,5.040237903594970703e-01,6.017440557479858398e-01,5.878272056579589844e-01,5.659038424491882324e-01,6.263056993484497070e-01,5.409174561500549316e-01,6.282429099082946777e-01
2.120693325996398926e-01,4.311285018920898438e-01,6.909388303756713867e-01,2.369168847799301147e-01,1.247209310531616211e-01,2.708864808082580566e-01,1.845916658639907837e-01,5.714658498764038086e-01,4.498193860054016113e-01,9.570690989494323730e-01,9.285789728164672852e-01,6.243580579757690430e-01,5.921084880828857422e-01,9.999999403953552246e-01,3.300818800926208496e-01,4.577126502990722656e-01,6.889271736145019531e-01,6.953384876251220703e-01,9.750701189041137695e-01,5.744358897209167480e-01,6.569358110427856445e-01,5.716094374656677246e-01,8.897577524185180664e-01,7.543181777000427246e-01,4.518468976020812988e-01,7.317701727151870728e-02,2.028981894254684448e-01,1.302320659160614014e-01,1.280673891305923462e-01,4.232797399163246155e-02,2.355046421289443970e-01,5.763261318206787109e-01,9.294456243515014648e-01,5.730882287025451660e-01,5.383005142211914062e-01,3.639489412307739258e-01,6.030825972557067871e-01,6.067332625389099121e-02,6.465866416692733765e-02,2.349413186311721802e-01,6.652021408081054688e-01,2.841946482658386230e-01,4.400452375411987305e-01,3.084028363227844238e-01,9.612808227539062500e-01,6.819357275962829590e-01,6.398276686668395996e-01,5.893926024436950684e-01,5.230954885482788086e-01,5.911060571670532227e-01,2.899328768253326416e-01,8.031283617019653320e-01,6.977195739746093750e-01,6.820877790451049805e-01,9.671066403388977051e-01,3.040760755538940430e-01,1.546708941459655762e-01,5.107306241989135742e-01,1.044036969542503357e-01,2.590599060058593750e-01,9.524146318435668945e-01,9.681018590927124023e-01,8.865222930908203125e-01,9.304454922676086426e-01,9.569637179374694824e-01,9.583415389060974121e-01,9.542148113250732422e-01,9.481854438781738281e-01,9.505625963211059570e-01,7.275159358978271484e-01,9.676063060760498047e-01,9.539904594421386719e-01,9.400950670242309570e-01,9.446236491203308105e-01,8.737171888351440430e-01,9.450833201408386230e-01,9.641534686088562012e-01,9.534009695053100586e-01,9.516221880912780762e-01,9.603550434112548828e-01
9.658498167991638184e-01,9.156379103660583496e-01,6.916339397430419922e-01,9.622177481651306152e-01,9.509904980659484863e-01,9.339547157287597656e-01,9.262754321098327637e-01,8.435848355293273926e-01,8.048617243766784668e-01,3.214413523674011230e-01,4.813371896743774414e-01,7.138922810554504395e-01,8.584563732147216797e-01,3.300818800926208496e-01,1.000000119209289551e+00,6.165311336517333984e-01,6.848436594009399414e-01,5.251558423042297363e-01,3.083589971065521240e-01,3.038286268711090088e-01,3.391531705856323242e-01,5.073457956314086914e-01,2.928251922130584717e-01,4.395821392536163330e-01,5.977042317390441895e-01,9.208088517189025879e-01,9.563009738922119141e-01,9.500122666358947754e-01,9.315428137779235840e-01,9.299897551536560059e-01,9.598519802093505859e-01,3.456423878669738770e-01,3.380153477191925049e-01,4.200049042701721191e-01,4.076266288757324219e-01,7.615518569946289062e-01,4.258884191513061523e-01,8.278414607048034668e-01,7.915343046188354492e-01,8.879267573356628418e-01,3.704263865947723389e-01,9.188013672828674316e-01,8.420563340187072754e-01,6.874982714653015137e-01,3.802019953727722168e-01,4.515759348869323730e-01,5.320817232131958008e-01,4.173983931541442871e-01,4.710254967212677002e-01,2.980000078678131104e-01,7.541495561599731445e-01,4.501838088035583496e-01,3.934682011604309082e-01,3.853933513164520264e-01,3.577756583690643311e-01,7.574692964553833008e-01,6.406536102294921875e-01,3.306013941764831543e-01,7.793058156967163086e-01,6.411225199699401855e-01,4.429917931556701660e-01,2.382250875234603882e-01,5.440562963485717773e-01,4.009005129337310791e-01,3.494095802307128906e-01,3.711199462413787842e-01,3.136605024337768555e-01,3.336059153079986572e-01,2.780452966690063477e-01,8.025653362274169922e-01,2.920253872871398926e-01,2.878689169883728027e-01,2.692792117595672607e-01,1.856099218130111694e-01,4.784513115882873535e-01,2.824693322181701660e-01,2.887416183948516846e-01,3.511407673358917236e-01,2.461224049329757690e-01,3.664672374725341797e-01
5.183160901069641113e-01,4.345088601112365723e-01,2.433719784021377563e-01,5.417982935905456543e-01,4.843589961528778076e-01,6.799522042274475098e-01,5.028397440910339355e-01,3.719991743564605713e-01,2.158695906400680542e-01,5.878085494041442871e-01,6.908835172653198242e-01,8.496280908584594727e-01,8.098022341728210449e-01,4.577126502990722656e-01,6.165311336517333984e-01,1.000000000000000000e+00,8.517547845840454102e-01,8.801662921905517578e-01,5.005905032157897949e-01,8.658462762832641602e-01,8.578097820281982422e-01,9.558260440826416016e-01,6.719735264778137207e-01,8.388549089431762695e-01,9.247750639915466309e-01,4.728654921054840088e-01,5.326383113861083984e-01,5.178633928298950195e-01,5.028524398803710938e-01,4.445670545101165771e-01,5.257863998413085938e-01,8.902141451835632324e-01,5.065391659736633301e-01,9.205015897750854492e-01,9.201244711875915527e-01,8.908569812774658203e-01,9.213938117027282715e-01,6.887603998184204102e-01,7.539984583854675293e-01,7.060648798942565918e-01,8.932095766067504883e-01,6.567094326019287109e-01,8.498877882957458496e-01,9.181442260742187500e-01,4.141812622547149658e-01,8.935493230819702148e-01,9.411709308624267578e-01,9.102941155433654785e-01,9.275147914886474609e-01,8.611385226249694824e-01,9.108129739761352539e-01,8.349011540412902832e-01,8.798131346702575684e-01,8.706866502761840820e-01,4.692071676254272461e-01,9.190739393234252930e-01,9.230638742446899414e-01,8.848920464515686035e-01,8.489283323287963867e-01,9.496856927871704102e-01,4.342035949230194092e-01,4.564892947673797607e-01,3.350565731525421143e-01,3.077486157417297363e-01,3.351168632507324219e-01,3.890556097030639648e-01,3.605649471282958984e-01,5.927988290786743164e-01,3.418314754962921143e-01,6.717637181282043457e-01,3.838416337966918945e-01,3.562419116497039795e-01,3.029959797859191895e-01,3.540360033512115479e-01,2.507397234439849854e-01,4.669794738292694092e-01,3.915926814079284668e-01,4.368332326412200928e-01,3.735205233097076416e-01,4.378304183483123779e-01
5.676671266555786133e-01,6.050011515617370605e-01,5.704280138015747070e-01,5.532184243202209473e-01,5.082513689994812012e-01,6.467473506927490234e-01,4.974085986614227295e-01,5.779817700386047363e-01,4.889539778232574463e-01,7.758731245994567871e-01,8.227391242980957031e-01,9.117218852043151855e-01,9.047439098358154297e-01,6.889271736145019531e-01,6.848436594009399414e-01,8.517547845840454102e-01,1.000000238418579102e+00,8.661178350448608398e-01,7.405178546905517578e-01,7.031100988388061523e-01,7.581069469451904297e-01,8.522194623947143555e-01,7.413291931152343750e-01,7.830645442008972168e-01,7.351367473602294922e-01,4.403924942016601562e-01,5.557516813278198242e-01,5.072020888328552246e-01,4.821288883686065674e-01,4.392145872116088867e-01,5.703985095024108887e-01,7.386513352394104004e-01,7.808902263641357422e-01,7.748018503189086914e-01,7.564811110496520996e-01,7.514236569404602051e-01,7.934775352478027344e-01,4.936987459659576416e-01,5.457443594932556152e-01,5.916584730148315430e-01,8.024500608444213867e-01,5.997999906539916992e-01,8.210301995277404785e-01,7.387978434562683105e-01,7.134556770324707031e-01,8.452824950218200684e-01,8.566424250602722168e-01,7.911556363105773926e-01,7.645434141159057617e-01,7.293767929077148438e-01,7.280446887016296387e-01,8.731900453567504883e-01,8.115488886833190918e-01,8.149919509887695312e-01,7.446435689926147461e-01,7.912923097610473633e-01,7.155487537384033203e-01,7.035290002822875977e-01,6.794505119323730469e-01,7.510284781455993652e-01,7.297368645668029785e-01,6.971594691276550293e-01,6.614007353782653809e-01,6.511600017547607422e-01,6.420716047286987305e-01,6.958712935447692871e-01,6.791254878044128418e-01,7.891003489494323730e-01,6.583287715911865234e-01,8.547083139419555664e-01,6.777874231338500977e-01,6.640161871910095215e-01,6.440594196319580078e-01,6.571000814437866211e-01,6.092584133148193359e-01,7.252491712570190430e-01,6.896969079971313477e-01,7.459393739700317383e-01,6.771786808967590332e-01,7.388705611228942871e-01
3.726812005043029785e-01,4.219682812690734863e-01,3.611128032207489014e-01,4.363259077072143555e-01,3.576048612594604492e-01,6.045693755149841309e-01,3.967064917087554932e-01,3.889162540435791016e-01,2.578240036964416504e-01,8.021846413612365723e-01,8.212681412696838379e-01,9.199842810630798340e-01,7.793399691581726074e-01,6.953384876251220703e-01,5.251558423042297363e-01,8.801662921905517578e-01,8.661178350448608398e-01,1.000000000000000000e+00,7.493400573730468750e-01,8.966794013977050781e-01,9.120813012123107910e-01,9.430536031723022461e-01,8.608366250991821289e-01,9.524402022361755371e-01,8.755507469177246094e-01,3.425906598567962646e-01,4.383528530597686768e-01,3.770776093006134033e-01,3.874987959861755371e-01,2.739975750446319580e-01,4.344736337661743164e-01,8.812162876129150391e-01,7.420308589935302734e-01,9.167113304138183594e-01,9.107443690299987793e-01,8.181769251823425293e-01,9.385446906089782715e-01,5.203156471252441406e-01,5.708919167518615723e-01,6.018156409263610840e-01,9.317187070846557617e-01,5.744287967681884766e-01,8.085160851478576660e-01,8.172309994697570801e-01,6.526349782943725586e-01,9.612480401992797852e-01,9.358454942703247070e-01,9.438125491142272949e-01,9.181473851203918457e-01,8.991732001304626465e-01,7.799170017242431641e-01,9.358466267585754395e-01,9.363670945167541504e-01,9.560700654983520508e-01,7.052544951438903809e-01,8.168464303016662598e-01,7.362228035926818848e-01,8.923846483230590820e-01,6.338532567024230957e-01,7.910937070846557617e-01,6.695386171340942383e-01,7.102298140525817871e-01,5.483832955360412598e-01,5.609644651412963867e-01,5.981654524803161621e-01,6.471136808395385742e-01,6.226974129676818848e-01,8.076891899108886719e-01,6.155218482017517090e-01,6.939582228660583496e-01,6.416556835174560547e-01,6.184302568435668945e-01,5.679588317871093750e-01,6.134665012359619141e-01,4.885483384132385254e-01,7.131496667861938477e-01,6.424296498298645020e-01,6.848487257957458496e-01,6.376409530639648438e-01,6.852505207061767578e-01
1.718338876962661743e-01,3.942925333976745605e-01,6.458759307861328125e-01,1.998889148235321045e-01,9.586828202009201050e-02,2.584001421928405762e-01,1.337502598762512207e-01,5.167925357818603516e-01,4.002677500247955322e-01,9.737851619720458984e-01,9.231191277503967285e-01,6.683505773544311523e-01,6.013985872268676758e-01,9.750701189041137695e-01,3.083589971065521240e-01,5.005905032157897949e-01,7.405178546905517578e-01,7.493400573730468750e-01,1.000000238418579102e+00,6.089239120483398438e-01,6.873649954795837402e-01,6.145383119583129883e-01,9.005703926086425781e-01,7.702010273933410645e-01,4.739571213722229004e-01,3.287281841039657593e-02,1.747191846370697021e-01,9.329063445329666138e-02,8.830462396144866943e-02,8.653446566313505173e-04,2.058430165052413940e-01,6.045591831207275391e-01,9.645478129386901855e-01,6.097280383110046387e-01,5.781934261322021484e-01,3.827790021896362305e-01,6.451325416564941406e-01,3.165503218770027161e-02,5.004694312810897827e-02,2.065616101026535034e-01,7.096783518791198730e-01,2.522329390048980713e-01,4.600860774517059326e-01,3.342595696449279785e-01,9.657571315765380859e-01,7.285432815551757812e-01,6.722360849380493164e-01,6.306078433990478516e-01,5.595920085906982422e-01,6.273473501205444336e-01,3.065899014472961426e-01,8.474231362342834473e-01,7.367802262306213379e-01,7.328768372535705566e-01,9.831432104110717773e-01,3.455669581890106201e-01,1.947370916604995728e-01,5.458668470382690430e-01,1.328784823417663574e-01,2.963237762451171875e-01,9.606433510780334473e-01,9.864051938056945801e-01,8.636484742164611816e-01,9.270325899124145508e-01,9.573061466217041016e-01,9.650854468345642090e-01,9.664340615272521973e-01,9.753006696701049805e-01,9.643282890319824219e-01,7.192592620849609375e-01,9.742543697357177734e-01,9.685150980949401855e-01,9.537000656127929688e-01,9.684218168258666992e-01,8.624719977378845215e-01,9.809410572052001953e-01,9.759527444839477539e-01,9.749557971954345703e-01,9.762892127037048340e-01,9.730643630027770996e-01
